1.0361 0.0000 0.0000 0.0000 0.0000 0.0000 0.0000 0.0000 0.0000 0.0000
0.0000 0.0000 0.9262 0.0000 0.0000 0.0000 0.0000 0.6320 1.0030 0.0000
0.0000 0.7539 0.0000 1.1155 1.1042 0.6466 1.1343 0.0000 1.0330 0.0000
0.0000 0.7698 0.0000 1.2190 1.1628 0.4722 1.2236 0.0000 0.7041 0.0000
1.0361 0.0000 0.0000 0.0000 0.0000 0.0000 0.0000 0.0000 0.0000 0.0000
0.0000 0.0000 0.9262 0.0000 0.0000 0.0000 0.0000 0.6320 1.0030 0.0000
0.0000 0.7539 0.0000 1.1155 1.1042 0.6466 1.1343 0.0000 1.0330 0.0000
0.0000 0.7698 0.0000 1.2190 1.1628 0.4722 1.2236 0.0000 0.7041 0.0000
1.0361 0.0000 0.0000 0.0000 0.0000 0.0000 0.0000 0.0000 0.0000 0.0000
0.0000 0.0000 0.9262 0.0000 0.0000 0.0000 0.0000 0.6320 1.0030 0.0000
0.0000 0.7539 0.0000 1.1155 1.1042 0.6466 1.1343 0.0000 1.0330 0.0000
0.0000 0.7698 0.0000 1.2190 1.1628 0.4722 1.2236 0.0000 0.7041 0.0000
1.0361 0.0000 0.0000 0.0000 0.0000 0.0000 0.0000 0.0000 0.0000 0.0000
0.0000 0.0000 0.9262 0.0000 0.0000 0.0000 0.0000 0.6320 1.0030 0.0000
0.0000 0.7539 0.0000 1.1155 1.1042 0.6466 1.1343 0.0000 1.0330 0.0000
0.0000 0.7698 0.0000 1.2190 1.1628 0.4722 1.2236 0.0000 0.7041 0.0000
