0.9221 0.0000 0.0000 0.0000 0.0000 0.0000 0.0000 0.0000 0.0000 0.0000
0.0000 0.0000 0.9000 0.0000 0.0000 0.0000 0.0000 0.5787 0.9620 0.0000
0.0000 0.6811 0.0000 1.1492 1.0223 0.6369 0.9878 0.0000 0.9775 0.0000
0.0000 0.6851 0.0000 1.1209 1.0711 0.3694 1.1327 0.0000 0.7625 0.0000
0.9221 0.0000 0.0000 0.0000 0.0000 0.0000 0.0000 0.0000 0.0000 0.0000
0.0000 0.0000 0.9000 0.0000 0.0000 0.0000 0.0000 0.5787 0.9620 0.0000
0.0000 0.6811 0.0000 1.1492 1.0223 0.6369 0.9878 0.0000 0.9775 0.0000
0.0000 0.6851 0.0000 1.1209 1.0711 0.3694 1.1327 0.0000 0.7625 0.0000
0.9221 0.0000 0.0000 0.0000 0.0000 0.0000 0.0000 0.0000 0.0000 0.0000
0.0000 0.0000 0.9000 0.0000 0.0000 0.0000 0.0000 0.5787 0.9620 0.0000
0.0000 0.6811 0.0000 1.1492 1.0223 0.6369 0.9878 0.0000 0.9775 0.0000
0.0000 0.6851 0.0000 1.1209 1.0711 0.3694 1.1327 0.0000 0.7625 0.0000
0.9221 0.0000 0.0000 0.0000 0.0000 0.0000 0.0000 0.0000 0.0000 0.0000
0.0000 0.0000 0.9000 0.0000 0.0000 0.0000 0.0000 0.5787 0.9620 0.0000
0.0000 0.6811 0.0000 1.1492 1.0223 0.6369 0.9878 0.0000 0.9775 0.0000
0.0000 0.6851 0.0000 1.1209 1.0711 0.3694 1.1327 0.0000 0.7625 0.0000
