1.0581 0.0000 0.0000 0.0000 0.0000 0.0000 0.0000 0.0000 0.0000 0.0000
0.0000 0.0000 0.9221 0.0000 0.0000 0.0000 0.0000 0.6506 1.0065 0.0000
0.0000 0.7705 0.0000 1.0847 1.1433 0.6208 1.1672 0.0000 1.0157 0.0000
0.0000 0.7824 0.0000 1.1931 1.1690 0.2474 1.1329 0.0000 0.6710 0.0000
1.0581 0.0000 0.0000 0.0000 0.0000 0.0000 0.0000 0.0000 0.0000 0.0000
0.0000 0.0000 0.9221 0.0000 0.0000 0.0000 0.0000 0.6506 1.0065 0.0000
0.0000 0.7705 0.0000 1.0847 1.1433 0.6208 1.1672 0.0000 1.0157 0.0000
0.0000 0.7824 0.0000 1.1931 1.1690 0.2474 1.1329 0.0000 0.6710 0.0000
1.0581 0.0000 0.0000 0.0000 0.0000 0.0000 0.0000 0.0000 0.0000 0.0000
0.0000 0.0000 0.9221 0.0000 0.0000 0.0000 0.0000 0.6506 1.0065 0.0000
0.0000 0.7705 0.0000 1.0847 1.1433 0.6208 1.1672 0.0000 1.0157 0.0000
0.0000 0.7824 0.0000 1.1931 1.1690 0.2474 1.1329 0.0000 0.6710 0.0000
1.0581 0.0000 0.0000 0.0000 0.0000 0.0000 0.0000 0.0000 0.0000 0.0000
0.0000 0.0000 0.9221 0.0000 0.0000 0.0000 0.0000 0.6506 1.0065 0.0000
0.0000 0.7705 0.0000 1.0847 1.1433 0.6208 1.1672 0.0000 1.0157 0.0000
0.0000 0.7824 0.0000 1.1931 1.1690 0.2474 1.1329 0.0000 0.6710 0.0000
